# this is a comment for first testing the odometry frame goal use...
# x,	y,		z,	waittime,	roll,	pitch,	yaw
# just some comment....
1.0,	0.0,	0.0,	0,	0,	0,	1.57
0.0,	0.0,	0.0,	0,	0,	0,	1.57
1.0,	0.0,	0.0,	0,	0,	0,	1.57
0.0,	0.0,	0.0,	0,	0,	0,	1.57
1.0,	0.0,	0.0,	0,	0,	0,	1.57
0.0,	0.0,	0.0,	0,	0,	0,	1.57
1.0,	0.0,	0.0,	0,	0,	0,	1.57
0.0,	0.0,	0.0,	0,	0,	0,	1.57
1.0,	0.0,	0.0,	0,	0,	0,	1.57
0.0,	0.0,	0.0,	0,	0,	0,	1.57
1.0,	0.0,	0.0,	0,	0,	0,	1.57
0.0,	0.0,	0.0,	0,	0,	0,	1.57
1.0,	0.0,	0.0,	0,	0,	0,	1.57
0.0,	0.0,	0.0,	0,	0,	0,	1.57
1.0,	0.0,	0.0,	0,	0,	0,	1.57
0.0,	0.0,	0.0,	0,	0,	0,	1.57
1.0,	0.0,	0.0,	0,	0,	0,	1.57
0.0,	0.0,	0.0,	0,	0,	0,	1.57
1.0,	0.0,	0.0,	0,	0,	0,	1.57
0.0,	0.0,	0.0,	0,	0,	0,	1.57
1.0,	0.0,	0.0,	0,	0,	0,	1.57
0.0,	0.0,	0.0,	0,	0,	0,	1.57
1.0,	0.0,	0.0,	0,	0,	0,	1.57

